1.098199999999999932e+01 0.000000000000000000e+00 0.000000000000000000e+00 2.238200000000000145e+01 5.099999999999999645e+00
1.088316199999999867e+01 4.456985938461673069e-03 2.285451797116484736e-09 2.238200000000000145e+01 5.099999999999999645e+00
1.078432399999999802e+01 8.995668156854437492e-03 4.520523757165354257e-08 2.238200000000000145e+01 5.099999999999999645e+00
1.068548599999999738e+01 1.361831366397388103e-02 2.633727624164613465e-07 2.238200000000000145e+01 5.099999999999999645e+00
1.058664799999999673e+01 1.832727412869506259e-02 9.304920492030004297e-07 2.238200000000000145e+01 5.099999999999999645e+00
1.048780999999999608e+01 2.312498986919114471e-02 2.499731061157721229e-06 2.238200000000000145e+01 5.099999999999999645e+00
1.038897199999999543e+01 2.801399406986585308e-02 5.647946600143974652e-06 2.238200000000000145e+01 5.099999999999999645e+00
1.029013399999999478e+01 3.299691724131119386e-02 1.132552925624677845e-05 2.238200000000000145e+01 5.099999999999999645e+00
1.019129599999999414e+01 3.807649193978891733e-02 2.081318973364218732e-05 2.238200000000000145e+01 5.099999999999999645e+00
1.009245799999999349e+01 4.325555776402570385e-02 3.578696258285393261e-05 2.238200000000000145e+01 5.099999999999999645e+00
9.993619999999992842e+00 4.853706664852213554e-02 5.839278379540180445e-05 2.238200000000000145e+01 5.099999999999999645e+00
9.883799999999999031e+00 5.452929709895657645e-02 9.576873860797443269e-05 2.238200000000000145e+01 5.099999999999999645e+00
9.784961999999998383e+00 6.003730690693203503e-02 1.441573553993553264e-04 2.238200000000000145e+01 5.099999999999999645e+00
9.686123999999997736e+00 6.565772507833551874e-02 2.108683873070088532e-04 2.238200000000000145e+01 5.099999999999999645e+00
9.587285999999997088e+00 7.140245159340015413e-02 3.016323226851878436e-04 2.238200000000000145e+01 5.099711647404573611e+00
9.488447999999996441e+00 7.727871192942654954e-02 4.223598235533700031e-04 2.238200000000000145e+01 5.099631893147064332e+00
9.389609999999995793e+00 8.328332803153995489e-02 5.805617442701062119e-04 2.238200000000000145e+01 5.099537268134962886e+00
9.290771999999995145e+00 8.941694371387128026e-02 7.851799756626876839e-04 2.238200000000000145e+01 5.098963343405362281e+00
9.191933999999994498e+00 9.568114525497795064e-02 1.046821939230711080e-03 2.238200000000000145e+01 5.098259893642229201e+00
9.093095999999993850e+00 1.020796569381475366e-01 1.378057628198027908e-03 2.238200000000000145e+01 5.097406630343686906e+00
8.994257999999993203e+00 1.086162723200823632e-01 1.793671817544014195e-03 2.238200000000000145e+01 5.096381298269969662e+00
8.895419999999992555e+00 1.152955603718440331e-01 2.311038860515650557e-03 2.238200000000000145e+01 5.095159486052303066e+00
8.796581999999991908e+00 1.221222667500013737e-01 2.950485177335320994e-03 2.238200000000000145e+01 5.093714560307926575e+00
8.697743999999991260e+00 1.291011502510018560e-01 3.735762989993709517e-03 2.238200000000000145e+01 5.092017489657107099e+00
8.598905999999990613e+00 1.362375098611933177e-01 4.694487309974747051e-03 2.238200000000000145e+01 5.090036847534443076e+00
8.500067999999989965e+00 1.435362162705706157e-01 5.858813889339595064e-03 2.238200000000000145e+01 5.087738490088034915e+00
8.401229999999989317e+00 1.510031593042305831e-01 7.266106386924323784e-03 2.238200000000000145e+01 5.085085388990602695e+00
8.302391999999988670e+00 1.586436232874485208e-01 8.959617520766035778e-03 2.238200000000000145e+01 5.082037660966214787e+00
8.203553999999988022e+00 1.664639149627943626e-01 1.098937915946212804e-02 2.238200000000000145e+01 5.078552333292108756e+00
8.104715999999987375e+00 1.744697386651717363e-01 1.341318454935332832e-02 2.238200000000000145e+01 5.074583203466698222e+00
8.005877999999986727e+00 1.826677500193794879e-01 1.629771080646066905e-02 2.238200000000000145e+01 5.070080649626484970e+00
7.907039999999986080e+00 1.910641611545556284e-01 1.971977637293363672e-02 2.238200000000000145e+01 5.064991503270031892e+00
7.808201999999985432e+00 1.996659859856134422e-01 2.376780052168389959e-02 2.238200000000000145e+01 5.059258841172493248e+00
7.709363999999984784e+00 2.084799925465950776e-01 2.854342398718456159e-02 2.238200000000000145e+01 5.052821857623679414e+00
7.610525999999984137e+00 2.175135890510039582e-01 3.416338939799756086e-02 2.238200000000000145e+01 5.045615654066898159e+00
7.511687999999983489e+00 2.267741163531378779e-01 4.076163034117390865e-02 2.238200000000000145e+01 5.037571107266670900e+00
7.412849999999982842e+00 2.362694218112881828e-01 4.849168066486997386e-02 2.238200000000000145e+01 5.028614668102404650e+00
7.314011999999982194e+00 2.460074213797417697e-01 5.752935954364434001e-02 2.238200000000000145e+01 5.018668228401274689e+00
7.215173999999981547e+00 2.559964431931470163e-01 6.807584426727462945e-02 2.238200000000000145e+01 5.007648939126537080e+00
7.116335999999980899e+00 2.662449754302818050e-01 8.036110410329461162e-02 2.238200000000000145e+01 4.995469084678199501e+00
7.017497999999980252e+00 2.767618581905801345e-01 9.464780080822740582e-02 2.238200000000000145e+01 4.982035931250121230e+00
6.918659999999979604e+00 2.875561462347511754e-01 1.112356516551711583e-01 2.238200000000000145e+01 4.967251622912314701e+00
6.819821999999978956e+00 2.986372087411370835e-01 1.304663522479286020e-01 2.238200000000000145e+01 4.951013073665414765e+00
6.720983999999978309e+00 3.100146565778807428e-01 1.527290769048349484e-01 2.238200000000000145e+01 4.933211904783262547e+00
6.622145999999977661e+00 3.216983889577157973e-01 1.784666459845410669e-01 2.238200000000000145e+01 4.913734398824954219e+00
6.523307999999977014e+00 3.336985532614257788e-01 2.081823953905153068e-01 2.238200000000000145e+01 4.892461503099826636e+00
6.424469999999976366e+00 3.460255613951953579e-01 2.424478297345651623e-01 2.238200000000000145e+01 4.869268870180526676e+00
6.325631999999975719e+00 3.586900632722255788e-01 2.819111042471838524e-01 2.238200000000000145e+01 4.844026958431371099e+00
6.226793999999975071e+00 3.717029448286348070e-01 3.273064061533381697e-01 2.238200000000000145e+01 4.816601190998508031e+00
6.127955999999974424e+00 3.850753043801996567e-01 3.794642793478997800e-01 2.238200000000000145e+01 4.786852191301580461e+00
6.029117999999973776e+00 3.988184377251601243e-01 4.393229443360878173e-01 2.238200000000000145e+01 4.754636100663780951e+00
5.930279999999973128e+00 4.129438111235851361e-01 5.079406400067354443e-01 2.238199353836998640e+01 4.719804994317581937e+00
5.831441999999972481e+00 4.274630352719537285e-01 5.865090051030711349e-01 2.238198009611676653e+01 4.682207406245044723e+00
5.732603999999971833e+00 4.423878309809264886e-01 6.763674855613674985e-01 2.238197188578094909e+01 4.641688978969432888e+00
5.633765999999971186e+00 4.577299918948292135e-01 7.790187264272092627e-01 2.238195864194278428e+01 4.598093251935988057e+00
5.534927999999970538e+00 4.735013400797218885e-01 8.961448612542429748e-01 2.238193940026927820e+01 4.551262605000250261e+00
5.436089999999969891e+00 4.897136764455102820e-01 1.029624561489786760e+00 2.238191155438540036e+01 4.501039372376167691e+00
5.337251999999969243e+00 5.063787240501385067e-01 1.181550640513264305e+00 2.238187141586335116e+01 4.447267143463413674e+00
5.238413999999968595e+00 5.235080648706013084e-01 1.354247928041667270e+00 2.238181378861062498e+01 4.389792265857718867e+00
5.139575999999967948e+00 5.411130690823220402e-01 1.550291033278819341e+00 2.238173138705342780e+01 4.328465565326980347e+00
5.040737999999967300e+00 5.592048169566513627e-01 1.772521502247995651e+00 2.238161404616954187e+01 4.263144295543150442e+00
4.941899999999966653e+00 5.777940129473184694e-01 2.024063742599927274e+00 2.238144765675738412e+01 4.193694328027297580e+00
4.843061999999966005e+00 5.968908920459061740e-01 2.308338939844379656e+00 2.238121274180153364e+01 4.119992589094726654e+00
4.744223999999965358e+00 6.165051183908407673e-01 2.629076022166370930e+00 2.238086966673703770e+01 4.041929745967200560e+00
4.645385999999964710e+00 6.366456764481209785e-01 2.990318550373073148e+00 2.238040696856380407e+01 3.959413138136497423e+00
4.546547999999964063e+00 6.573207552110319485e-01 3.396426219053713336e+00 2.237983505456315925e+01 3.872369942605489168e+00
4.447709999999963415e+00 6.785351766758155323e-01 3.852069462277271317e+00 2.237689750424135227e+01 3.780750552538863385e+00
4.348871999999962767e+00 7.002944813218024978e-01 4.362219416372710157e+00 2.237292969140973398e+01 3.684531406953690080e+00
4.250033999999962120e+00 7.226040939670763663e-01 4.932118589212480586e+00 2.236759545654065562e+01 3.583719656940484999e+00
4.151195999999961472e+00 7.454663438718589497e-01 5.567214366515077728e+00 2.236045941963817896e+01 3.478361839508588460e+00
4.052357999999960825e+00 7.688823606866725946e-01 6.273167329536464720e+00 2.235096218595251116e+01 3.368537644940400533e+00
3.953519999999960177e+00 7.928510300925957210e-01 7.055796699242941727e+00 2.233839049329779769e+01 3.254361946872380340e+00
3.854681999999959530e+00 8.173693097289540521e-01 7.920929293028248885e+00 2.232184300530911258e+01 3.135999056034568966e+00
3.755843999999958882e+00 8.424314466789556421e-01 8.874312236968190604e+00 2.230019144458016456e+01 3.013662675882797348e+00
3.657005999999958235e+00 8.680289265586035308e-01 9.921500837046783872e+00 2.227203807387047263e+01 2.887616510842107242e+00
3.558167999999957587e+00 8.941500357039984248e-01 1.106770725370165920e+01 2.223567049380447003e+01 2.758176889433517243e+00
3.459329999999956939e+00 9.207796172686925074e-01 1.231763022070112612e+01 2.218901633257299366e+01 2.625714229440300862e+00
3.360491999999956292e+00 9.478986940525973015e-01 1.367526684230308476e+01 2.212960086817297523e+01 2.490653301297780953e+00
3.261653999999955644e+00 9.754848939147962028e-01 1.514370609034025073e+01 2.205567016703977501e+01 2.353472482870423654e+00
3.162815999999954997e+00 1.003512818945853979e+00 1.672490528984659974e+01 2.196543022641554899e+01 2.214702058097359760e+00
3.063977999999954349e+00 1.031952486315958373e+00 1.841945626363614608e+01 2.185469467642515440e+01 2.074921236948606751e+00
2.965139999999953702e+00 1.060769127806928003e+00 2.022635355826581360e+01 2.172014836598814469e+01 1.934753306895134362e+00
2.866301999999953054e+00 1.089923808171532782e+00 2.214276430300333232e+01 2.155816452980980813e+01 1.794859572025051087e+00
2.767463999999952406e+00 1.119373280349818200e+00 2.416380864061427758e+01 2.136501699860432524e+01 1.655932044995209740e+00
2.668625999999951759e+00 1.149070428327457760e+00 2.628236449343605940e+01 2.113702564465689449e+01 1.518684557424354820e+00
2.569787999999951111e+00 1.178964656415617318e+00 2.848890222459932176e+01 2.087074028321523045e+01 1.383842723338704728e+00
2.470949999999950464e+00 1.209002911093828070e+00 3.077135963985440981e+01 2.056354578411733414e+01 1.252132811209393459e+00
2.372111999999949816e+00 1.239132136537863582e+00 3.311506355841775218e+01 2.021532420135083186e+01 1.124269861814590543e+00
2.273273999999949169e+00 1.269301855507859678e+00 3.550270077836901805e+01 1.982755811405699120e+01 1.000945494675188785e+00
2.174435999999948521e+00 1.301432377433929588e+00 3.790393005415986494e+01 1.940034856564284738e+01 8.829216583107696303e-01
2.075597999999947874e+00 1.334803147727025463e+00 4.038064760689375277e+01 1.893392070877216327e+01 7.708450561120171463e-01
1.976759999999947226e+00 1.366666314708115726e+00 4.283378473251856633e+01 1.843044691206376129e+01 6.651349038124240165e-01
1.877921999999946578e+00 1.380412226806556619e+00 4.391897721321399217e+01 1.852384964562489955e+01 6.915494352244414555e-01
1.779083999999945931e+00 1.415634015520743638e+00 4.677434322734404759e+01 1.800213678521695826e+01 6.009094197121933600e-01
1.680245999999945283e+00 1.449664369116694385e+00 4.963624116128075769e+01 1.744813789385452552e+01 5.167645160838533203e-01
1.581407999999944636e+00 1.482400404438536157e+00 5.248606770729267623e+01 1.686951491934947356e+01 4.393238289623765946e-01
1.482569999999943988e+00 1.513741348923557828e+00 5.530436494524307278e+01 1.629272642043365593e+01 3.687244517568083468e-01
1.383731999999943341e+00 1.543589105616679502e+00 5.807102425651736155e+01 1.559517012516521106e+01 3.050290709371209497e-01
1.284893999999942693e+00 1.571848818310266793e+00 6.076551131363515168e+01 1.466860942958113689e+01 2.482244189118193167e-01
1.186055999999942046e+00 1.598429432549561602e+00 6.336710901561993126e+01 1.347667330155271159e+01 1.982206180886240954e-01
1.087217999999941398e+00 1.623244247938621099e+00 6.585517464895998785e+01 1.206308506457738794e+01 1.548514464551616621e-01
9.883799999999407504e-01 1.646211456382409510e+00 6.820940696594281860e+01 1.046924615457949237e+01 1.178755418157330787e-01
8.895419999999401028e-01 1.667254658674712120e+00 7.041011819647539483e+01 8.742636224837328385e+00 8.697854789619552385e-02
7.907039999999394553e-01 1.686303345582447211e+00 7.243850496217754653e+01 6.964251827541806605e+00 6.177619115797652882e-02
6.918659999999388077e-01 1.703293311543252475e+00 7.427690976618833929e+01 5.232120710531300567e+00 4.181826269816397296e-02
5.930279999999381602e-01 1.718166914263508538e+00 7.590905832598875236e+01 3.649204381168832168e+00 2.659346569361989085e-02
4.941899999999375126e-01 1.730872912265321473e+00 7.732023722142976396e+01 2.307924143170187126e+00 1.553507985433840582e-02
3.953519999999368650e-01 1.741364930519521126e+00 7.849729822526650480e+01 1.273962347185479294e+00 8.027399005136028054e-03
2.965139999999362175e-01 1.749593887712614038e+00 7.942795047752446180e+01 5.726687103091041564e-01 3.412389185375171424e-03
1.976759999999355699e-01 1.755466365148089736e+00 8.009612510564613785e+01 1.813368582607962909e-01 9.978544605256827512e-04
9.883799999993492236e-02 1.758866591286960324e+00 8.048454140823575642e+01 2.266710728257692598e-02 1.247318075655859046e-04
0.000000000000000000e+00 1.759999999999916298e+00 8.061426411293172123e+01 0.000000000000000000e+00 0.000000000000000000e+00
